22605 5052 2 0,500
22605 42913 null
22605 18420 null
22605 42914 null
22605 22621 null
-1 11369 null
30152 44255 null
30152 -1 null
30152 2794 null
30152 45850 null
14940 -1 null
14940 14941 null
14940 4381 null
14940 -1 null
14687 -1 null
2824 2696 null
2824 14915 null
2824 18333 null
2824 -1 null
2824 10308 null
2824 1176 null
2824 18330 null
2824 18329 null
2824 208 null
2824 11082 null
2824 793 null
2824 180 null
2824 11399 null
2824 18335 null
2824 846 null
2824 10258 null
2824 2608 null
2824 18334 null
2824 2145 null
2824 18332 null
2824 3054 null
2824 1983 null
2824 702 null
2824 18331 null
2824 7285 null
2824 1163 null
2824 845 null
2824 2799 null
25678 -1 null
25678 25677 null
25678 -1 null
25678 19491 null
25678 606 null
25678 25675 null
25678 25680 null
2086 94 null
2086 15858 null
23083 9360 null
23083 25747 null
23083 38760 null
23083 574 null
46149 9299 null
17945 16927 2 0,900
4296 293 null
4296 579 null
4296 239 null
4296 1108 null
4296 385 null
4294 1219 null
4294 -1 null
4294 23405 2 0,800
4294 608 null
4294 1184 3 0,800
4294 627 null
4294 2362 null
4294 121 null
4294 3505 null
4294 1419 null
4294 23403 null
4294 1417 null
4294 391 3 0,800
4294 1399 null
4294 385 null
4294 23404 null
4294 318 null
4294 3124 null
30648 7525 null
30648 1138 null
23298 4953 null
23298 4951 2 0,400
23298 18079 null
23298 21513 null
23298 -1 null
23298 9559 null
23298 12899 null
23298 8745 null
23298 5623 null
23298 15302 null
23298 17074 null
42643 22090 null
-1 3173 null
1131 690 null
1131 2554 2 0,800
1131 4068 null
1131 2278 null
1131 1633 2 0,900
1131 1181 null
1131 693 null
1131 767 9 0,778
1131 2145 null
1131 4500 null
1131 6259 null
1131 10070 null
1131 3195 null
1131 5235 null
1131 -1 null
1131 10072 null
1131 1813 2 0,800
1131 1163 null
22861 5563 null
22861 22847 null
22861 22911 null
22861 4173 null
-1 22096 null
-1 48291 null
37614 13233 null
16299 508 2 1,000
16299 994 null
16299 2254 null
16299 5405 null
16299 3530 null
16299 -1 null
16299 504 null
16299 20578 null
16299 5830 null
16299 6404 null
16299 1257 null
16299 2232 null
16299 2246 null
16299 1938 null
16299 780 null
16299 5672 2 0,800
20326 3451 null
20326 6328 null
20326 -1 null
-1 3050 null
35217 9945 null
35217 10989 null
45792 29959 null
45792 29955 null
24354 30248 null
24354 7314 null
24354 -1 null
-1 29337 null
-1 45306 null
15849 1400 null
15849 813 null
15849 6323 null
15849 2074 11 0,945
39958 20734 null
20734 39958 null
20734 2732 null
20734 17183 null
20734 24829 null
16915 729 null
16915 4417 null
16915 495 null
16915 3385 null
16915 1152 null
16915 2864 null
16915 775 null
16915 5061 null
16915 9581 null
16915 322 null
16915 1360 null
16915 774 null
16915 769 null
16915 2393 null
3279 379 3 0,867
3279 3288 null
3279 6019 null
3279 244 null
3279 3828 2 0,700
3279 829 null
3279 1747 null
17469 2493 null
-1 16979 null
9945 1523 null
9945 10989 null
13694 1472 null
13694 461 null
37349 18367 null
25619 5120 null
-1 16727 null
-1 8564 null
40873 911 null
2838 18704 null
2838 11590 null
2838 1446 null
2838 18703 null
2838 8500 null
2838 1152 null
2838 472 null
2838 10236 null
2838 2795 null
2838 1477 null
2838 11597 null
-1 394 null
23560 16719 null
23560 8702 null
23560 6328 null
23560 -1 null
23560 4426 null
23560 23871 null
23560 43462 null
23560 1224 null
23560 11115 null
-1 16137 null
-1 -1 null
-1 -1 null
-1 16138 null
-1 5873 null
19379 3202 null
10841 1253 8 0,850
10841 6935 null
10841 1626 null
10841 8362 null
10841 19597 null
10841 3867 null
10841 4701 null
10841 1747 null
17630 731 null
17630 7381 null
17630 2760 null
17630 2175 null
17630 2545 null
17630 30617 null
17630 1575 null
17630 2088 null
17630 2685 null
9317 3173 3 0,933
9317 9239 null
9317 2277 null
9317 4438 null
9317 16339 null
9317 13140 null
9317 1068 null
9317 2092 null
9317 2781 null
9317 8609 null
9317 -1 null
9317 4512 null
9317 19321 null
9317 17104 null
9317 22048 null
9317 4411 null
9317 12732 null
9317 495 null
9317 1471 null
9317 8862 null
9317 4177 null
9317 808 null
9317 15458 null
9317 13008 null
9317 15638 null
9317 18778 null
9317 2380 null
9317 18133 null
9317 23079 null
9317 5254 null
9317 4950 null
9317 7103 null
9317 23757 null
9317 17590 null
9317 5576 null
9317 2417 null
9317 1236 null
9317 4017 null
9317 473 null
9317 18332 null
9317 24178 null
9317 14456 null
9317 5848 null
9317 4859 null
9317 1360 null
9317 322 null
9317 4458 null
9317 1071 2 0,800
9317 453 null
9317 4854 null
9317 18327 null
9317 1161 null
9317 22961 null
9317 4463 null
9317 8663 null
9317 5021 null
9317 6205 null
9317 31668 null
9317 5616 null
9317 14763 null
9317 702 null
9317 5639 null
9317 2410 null
9317 4843 null
9317 1299 null
9317 8562 null
9317 28739 null
9317 3167 null
9317 2571 null
9317 -1 null
9317 2084 null
9317 5765 null
9317 8923 null
9317 8607 null
9317 9542 null
-1 3853 null
-1 15419 null
-1 5162 null
-1 -1 null
-1 47390 null
-1 774 null
11737 302 null
11737 1838 null
11737 5123 null
11737 36098 null
11737 1543 null
11737 2037 null
12526 36585 null
12526 12009 null
12526 1875 null
12526 8903 null
12526 21303 null
12526 14695 null
12526 804 null
12526 19233 null
-1 1952 null
21661 37047 null
21661 16454 null
21661 12621 null
21661 -1 null
21661 40870 null
21661 -1 null
28522 16 null
28522 490 null
32064 9017 null
36171 11861 null
2805 9720 null
2805 4438 null
2805 18130 null
2805 18128 null
2805 4168 2 0,600
2805 2379 5 0,840
2805 8492 null
2805 9758 null
2805 18131 null
2805 2818 3 0,800
2805 9550 null
2805 394 null
2805 18133 null
2805 18136 2 0,700
2805 5069 null
2805 18127 2 0,900
2805 14859 7 0,971
2805 4161 null
2805 180 3 0,600
2805 5583 null
2805 1597 2 0,600
2805 473 null
2805 655 2 1,000
2805 1529 null
2805 9299 2 0,700
2805 9731 null
2805 5359 null
2805 5584 3 0,667
2805 6608 null
2805 5052 2 1,000
2805 6468 2 0,800
2805 4426 null
2805 11366 null
2805 7028 null
2805 18137 null
2805 12593 null
2805 9243 null
2805 774 null
2805 8691 null
2805 18126 null
2805 5498 null
2805 11501 null
2805 18135 null
2805 5054 null
2805 18132 null
2805 15154 null
2805 844 2 0,900
2805 17908 null
2805 18134 2 0,900
2805 1015 null
2805 2000 null
2805 18129 null
2805 8992 null
5629 26952 null
5629 2576 null
5629 440 2 0,700
5629 496 2 0,700
5629 13291 null
26387 12916 null
31922 8918 null
-1 7564 null
19414 41239 null
19414 5240 null
19414 1175 null
19414 3228 null
19414 19416 null
8948 836 null
8948 433 null
8948 355 null
-1 266 null
-1 -1 null
36203 11909 null
18460 23235 null
18460 1903 null
18460 3825 null
18460 20887 null
18460 22669 null
7141 508 null
7141 2369 null
7141 212 null
7141 -1 null
7141 2234 null
7141 5402 null
7141 2781 null
7141 4737 null
7141 2365 null
7141 816 null
7141 5729 null
7141 455 null
7141 1058 null
7141 238 null
7141 1346 null
7141 523 null
7141 1067 null
7141 2966 null
7141 3034 null
7141 3991 null
7141 773 null
7141 3589 null
7141 1069 null
7141 9206 null
7141 467 null
7141 1668 null
7141 298 null
7141 1079 null
7141 399 null
7141 729 null
7141 29922 null
7141 1733 null
7141 19473 null
7141 1253 null
7141 7258 null
7141 3121 null
7141 291 null
7141 3556 null
7141 910 null
7141 775 null
7141 3036 null
7141 453 null
7141 3682 null
7141 649 null
7141 1621 null
7141 1662 null
7141 810 null
7141 490 null
7141 6436 null
7141 1059 null
7141 2376 null
7141 3836 null
7141 17094 null
7141 389 null
7141 4500 null
7141 -1 null
7141 422 null
7141 481 null
7141 3983 null
7141 -1 null
7141 10973 null
7141 1575 null
7141 29 null
7141 571 null
7141 15314 null
7141 1096 null
7141 12650 null
7141 2360 null
7141 459 null
7141 3343 null
7141 988 null
7141 716 null
7141 517 null
7141 29923 null
7141 29924 null
7141 1638 null
7141 2428 null
7141 681 null
7141 304 null
7141 406 null
7141 689 null
7141 715 null
7141 23 null
7141 249 null
7141 445 null
7141 174 null
7141 2435 null
3682 9870 5 0,920
3682 5881 null
3682 1655 null
3682 2064 null
3682 3405 3 0,933
3682 495 null
3682 3311 null
3682 21095 null
3682 21096 null
3682 5660 4 0,950
3682 5708 null
3682 12176 null
3682 399 null
3682 21101 2 0,900
3682 3974 null
3682 3322 null
3682 13190 null
3682 2105 null
3682 15722 null
3682 6393 2 0,800
3682 4464 null
3682 5936 null
3682 5019 null
3682 2331 null
3682 21099 null
3682 21097 null
3682 481 null
3682 278 null
3682 9021 null
3682 123 null
3682 289 null
3682 571 null
3682 3605 null
3682 21098 null
3682 774 null
3682 21100 null
3682 574 null
3682 1075 null
3682 8975 null
3682 3115 null
3682 3530 null
3682 1701 null
3682 1045 null
3682 -1 null
3682 4940 null
3682 488 null
3682 19915 null
3682 7068 null
38708 -1 null
38708 15319 null
38708 4426 null
38708 15843 null
9603 4632 null
9603 15298 null
9603 -1 null
9603 -1 null
9603 9597 null
9603 21453 null
9603 1644 null
9603 15368 null
9603 9882 null
9603 9617 null
9603 5805 null
9603 9604 null
9603 20747 null
9603 9583 null
9603 9585 null
9603 23757 null
9603 5576 null
9603 9601 null
9603 22024 null
9603 9610 null
9603 12919 null
9603 21454 null
9603 17670 null
9603 9599 null
9603 21446 null
9603 15858 null
9603 21455 null
9603 1047 null
9603 -1 null
9603 9594 null
9603 17133 null
9603 3343 null
9603 9589 null
9603 8342 null
9603 9592 null
9603 17677 null
9603 9614 null
9603 23028 null
9603 9608 null
9603 5923 null
9603 8587 null
9603 24939 null
9603 2551 null
9603 9587 null
9603 24501 null
9603 3805 null
9603 9586 null
9603 27583 null
32130 773 null
32130 46329 null
32130 37060 null
13045 4438 null
13045 7037 null
13045 1666 null
13045 37462 null
13045 13042 null
13045 12588 null
13045 11373 null
13045 7121 null
13045 4538 null
13045 4796 null
13045 4177 null
13045 15458 null
13045 21441 null
13045 4946 null
13045 4173 null
13045 11397 null
13045 -1 null
13045 13044 null
13045 4517 null
13045 23079 null
13045 2843 null
13045 3347 null
13045 10307 null
13045 565 null
13045 8618 null
13045 5583 null
13045 7421 null
13045 16545 null
13045 3750 2 0,900
13045 4017 null
13045 -1 null
13045 1360 null
13045 21458 null
13045 25097 null
13045 1161 null
13045 13043 null
13045 12943 null
13045 5550 null
13045 8695 null
13045 2647 null
13045 -1 null
13045 22602 null
13045 8738 null
13045 1051 null
13045 11406 null
13045 4426 null
13045 2331 null
13045 15562 null
13045 15475 null
13045 11401 null
13045 1175 null
13045 716 null
13045 18249 null
13045 11396 null
13045 31600 null
13045 11399 null
13045 16543 null
13045 1226 null
13045 12744 null
13045 8570 null
13045 20463 null
13045 11013 null
24878 4822 null
24878 4738 null
20637 -1 null
20637 41963 null
20637 1839 4 0,700
20637 1041 2 0,900
20637 3536 null
20637 14222 null
12777 4632 null
12777 1876 null
12777 10940 null
12777 15351 null
12777 15333 null
12777 15354 null
12777 -1 null
12777 15337 null
12777 -1 null
12777 5522 null
12777 2011 null
12777 15381 null
12777 733 null
12777 15344 null
12777 15355 null
12777 10945 null
12777 9984 null
12777 3609 null
12777 15367 null
12777 14763 null
12777 7448 null
12777 10911 null
12777 16358 null
12777 3811 null
12777 8342 null
12777 15339 null
12777 9989 null
12777 15347 null
12777 14222 null
12777 20950 null
9466 773 null
9466 3351 null
9466 1034 null
9466 5616 null
9466 3354 null
9466 5614 null
7378 1229 2 0,900
7378 13135 null
7378 495 null
7378 467 3 0,733
7378 720 null
7378 6990 null
7378 1457 null
7378 30364 null
37724 13395 null
2362 170 null
2362 968 null
2362 3123 null
2362 161 null
2362 2691 null
2362 1225 null
2362 346 null
2362 3037 null
2362 1574 null
2362 302 null
2362 1439 null
2362 -1 null
2362 1077 null
2362 2675 null
2362 2690 null
2362 2393 null
2362 690 null
2362 341 null
2362 3105 null
2362 1253 null
2362 2023 null
2362 986 null
2362 3371 null
2362 473 null
2362 7298 null
2362 187 null
2362 2564 null
2362 775 null
2362 3036 2 0,600
2362 479 null
2362 60 null
2362 355 null
2362 319 null
2362 683 null
2362 1584 null
2362 2351 2 0,300
2362 4675 null
2362 1621 null
2362 7059 null
2362 307 null
2362 2331 null
2362 5760 null
2362 2403 null
2362 278 null
2362 397 null
2362 2879 null
2362 487 null
2362 418 null
2362 29 null
2362 1782 null
2362 432 null
2362 338 null
2362 774 null
2362 1075 2 0,800
2362 709 null
2362 804 null
2362 1835 null
2362 6846 null
2362 1052 null
2362 646 null
2362 502 null
2362 207 null
2362 7574 null
2362 1050 null
2362 3112 null
2362 2048 null
2362 2084 null
2362 665 null
2362 23 null
2362 445 null
2362 174 2 0,700
2362 1533 null
2362 3790 null
2362 3671 null
2362 488 null
2362 352 null
2362 1280 null
2362 276 null
2362 2689 null
2362 585 null
2362 138 null
2362 3386 null
2362 495 null
2362 1247 null
2362 190 null
2362 2122 null
2362 2932 null
2362 12997 null
2362 1028 null
2362 243 null
2362 188 null
2362 5005 null
2362 828 null
2362 245 null
2362 2214 null
2362 568 null
2362 973 null
2362 408 null
2362 247 null
2362 2082 null
2362 430 null
2362 768 null
2362 813 null
2362 1293 null
2362 181 null
2362 787 null
2362 457 null
2362 1182 null
2362 5197 null
2362 1070 null
2362 700 null
2362 649 null
2362 1856 null
2362 5622 null
2362 1609 null
2362 693 null
2362 671 null
2362 4021 null
2362 739 null
2362 591 null
2362 779 null
2362 1048 null
2362 571 2 0,800
2362 451 null
2362 782 null
2362 2485 null
2362 1175 null
2362 988 null
2362 459 null
2362 713 null
2362 9054 null
2362 772 null
2362 286 null
2362 1620 null
2362 623 null
2362 517 null
2362 743 null
2362 210 null
2362 2625 null
2362 239 null
2362 -1 null
2362 987 null
2362 1344 null
2362 1252 null
2362 685 null
2362 9204 null
2362 273 null
2057 967 null
2057 3016 2 1,000
2057 641 null
2057 986 null
2057 405 null
2057 91 null
2057 1431 null
2057 60 5 0,880
2057 307 null
2057 412 null
2057 1617 null
2057 996 null
2057 823 null
2057 1008 null
2057 665 null
2057 3405 null
2057 495 null
2057 2966 null
2057 1118 null
2057 1194 null
2057 285 null
2057 649 null
2057 2229 null
2057 2740 null
2057 390 null
2057 3110 null
2057 988 null
2057 1292 null
2057 1419 null
2057 3647 4 0,850
2057 2333 null
11581 -1 null
11581 1475 null
4974 471 null
4974 1335 null
12617 36694 null
12617 5014 null
12617 6659 2 0,700
12617 2247 2 0,900
12617 495 null
12617 1619 6 0,867
12617 664 4 0,800
-1 3559 null
23564 2649 null
23564 1620 null
23564 43465 null
42175 -1 null
23638 -1 null
23638 774 null
23638 330 null
23638 9038 null
23638 23549 null
17133 -1 null
17133 14228 null
17133 137 null
17133 4163 null
17133 8500 null
17133 15864 null
17133 21448 null
17133 9603 null
17133 9587 null
17133 4632 null
17133 19744 null
17133 39928 null
17133 39927 null
17133 21449 null
17133 21444 null
17133 12910 null
17133 4855 null
17133 19217 null
17133 9299 null
17133 21455 null
17133 2123 null
17133 20350 null
17133 21447 null
17133 29865 null
17133 19895 null
17133 8570 null
-1 -1 null
-1 5801 null
-1 6316 null
346 170 null
346 375 null
346 1984 2 0,900
346 802 null
346 767 2 0,700
346 1089 null
346 2365 null
346 161 null
346 2970 null
346 2667 null
346 140 null
346 815 2 0,700
346 837 2 0,600
346 346 18 1,000
346 221 null
346 2651 null
346 302 2 0,600
346 2601 null
346 467 3 0,867
346 394 null
346 831 null
346 2677 null
346 399 null
346 341 null
346 1432 null
346 311 null
346 610 null
346 -1 null
346 836 null
346 848 null
346 2604 null
346 427 null
346 -1 null
346 830 2 1,000
346 420 null
346 193 null
346 1559 null
346 269 null
346 498 null
346 355 null
346 319 2 0,900
346 2141 null
346 137 2 0,700
346 431 null
346 703 null
346 754 null
346 3961 null
346 277 null
346 2351 2 0,800
346 177 null
346 1097 null
346 381 null
346 -1 null
346 1181 null
346 324 null
346 321 null
346 307 null
346 1522 null
346 422 null
346 3958 null
346 647 null
346 795 null
346 1617 2 0,800
346 130 2 0,900
346 338 null
346 798 null
346 800 null
346 774 null
346 1952 null
346 1414 null
346 1219 null
346 -1 null
346 316 null
346 343 null
346 268 null
346 1168 null
346 2012 null
346 379 3 0,667
346 823 null
346 1052 null
346 3398 null
346 691 null
346 1226 null
346 73 null
346 2592 null
346 1050 null
346 563 null
346 147 null
346 2603 null
346 2084 null
346 445 null
346 841 null
346 377 null
346 845 null
346 165 null
346 1435 null
346 1090 null
346 154 null
346 2254 null
346 1056 3 0,800
346 308 null
346 805 null
346 1221 null
346 1626 null
346 816 null
346 138 null
346 348 null
346 1158 2 0,800
346 293 null
346 722 null
346 2146 null
346 -1 null
346 190 null
346 331 null
346 266 null
346 3957 null
346 336 null
346 2593 null
346 1007 null
346 317 null
346 1400 null
346 486 null
346 -1 null
346 2201 3 0,667
346 267 null
346 2032 null
346 291 null
346 191 null
346 813 null
346 1412 null
346 3963 null
346 1182 2 0,700
346 1 null
346 39 null
346 335 null
346 2302 2 0,400
346 649 null
346 274 null
346 220 null
346 76 null
346 2397 null
346 1542 null
346 3960 null
346 3962 null
346 575 null
346 1172 null
346 451 null
346 1297 2 0,800
346 1175 null
346 1191 null
346 233 null
346 1163 null
346 81 null
346 988 2 0,700
346 713 null
346 -1 null
346 286 null
346 1217 null
346 2085 2 0,900
346 1438 null
346 1361 null
346 214 null
346 305 null
346 210 null
346 1923 null
346 824 2 0,800
346 1170 null
346 3964 null
346 239 null
346 1475 null
346 -1 null
346 1283 null
346 226 3 0,600
346 209 null
346 257 null
346 323 null
346 1980 null
346 685 null
-1 346 null
-1 6561 null
-1 1354 null
12007 3258 null
12007 6935 null
12007 -1 null
12007 14464 null
12007 1545 null
12007 5532 7 0,829
12007 25979 null
36801 12677 null
7 375 7 0,686
7 366 3 1,000
7 650 null
7 140 7 0,800
7 329 5 0,800
7 238 2 0,900
7 232 30 0,827
7 302 null
7 642 null
7 294 19 0,874
7 626 5 0,800
7 467 4 0,700
7 128 4 0,900
7 641 null
7 622 3 0,733
7 341 12 0,783
7 225 2 0,700
7 592 null
7 644 null
7 427 2 0,900
7 636 null
7 91 null
7 450 2 0,800
7 420 3 0,800
7 442 4 1,000
7 355 2 0,900
7 60 null
7 319 null
7 431 null
7 639 5 0,880
7 386 2 0,900
7 132 3 0,867
7 625 null
7 631 null
7 324 null
7 389 7 0,943
7 627 2 1,000
7 590 null
7 632 11 0,818
7 643 4 0,850
7 87 13 0,831
7 216 null
7 278 null
7 397 4 0,800
7 647 4 1,000
7 418 2 1,000
7 432 16 0,888
7 338 null
7 618 null
7 429 8 0,850
7 343 2 0,900
7 379 null
7 342 null
7 646 6 0,933
7 339 2 0,900
7 630 null
7 370 null
7 619 null
7 330 7 0,857
7 23 4 0,800
7 648 null
7 244 2 0,500
7 476 9 0,844
7 174 6 0,867
7 458 null
7 621 null
7 155 null
7 223 null
7 59 2 0,700
7 629 7 0,886
7 438 4 0,900
7 620 null
7 162 2 0,900
7 585 null
7 634 null
7 271 null
7 337 null
7 455 null
7 56 null
7 334 null
7 279 null
7 640 7 0,800
7 635 5 0,840
7 152 5 0,840
7 243 2 0,900
7 336 8 0,800
7 624 null
7 245 9 0,844
7 638 7 0,829
7 74 null
7 315 null
7 637 2 0,900
7 396 null
7 181 20 0,820
7 227 3 0,800
7 1 2 0,700
7 335 null
7 649 null
7 285 null
7 274 null
7 333 null
7 -1 null
7 218 null
7 374 null
7 609 null
7 591 null
7 575 null
7 628 null
7 289 2 0,900
7 358 null
7 326 null
7 67 null
7 623 null
7 314 null
7 332 16 0,788
7 633 4 0,750
7 349 9 0,867
7 460 null
7 273 3 0,800
32961 1046 null
12062 19608 null
12062 12637 3 1,000
12062 17457 null
12062 20538 null
12062 17459 null
12062 17460 null
12062 19612 null
12062 9808 null
12062 1584 null
12062 -1 null
12062 7015 null
12062 3525 null
12062 9806 null
12062 4748 null
12062 12196 null
12062 -1 null
12062 19613 null
12062 17440 null
12062 17437 null
12062 19602 null
12062 19605 null
12062 20539 null
12062 19607 null
12062 5773 null
12062 9347 null
12062 649 null
12062 17462 null
12062 1012 null
12062 3259 null
12062 20540 null
12062 19610 null
12062 5659 null
12062 17456 null
12062 6645 null
12062 17461 null
12062 5102 null
7212 -1 null
7212 690 null
7212 5816 null
7212 1621 null
7212 5018 null
7212 432 null
7212 2221 null
-1 42840 null
-1 11485 null
-1 12432 null
-1 4851 null
-1 3823 null
47881 39932 null
41640 27518 null
9942 65 null
9942 4173 null
9942 -1 null
9942 4497 null
9942 1075 null
9942 4315 null
9942 5799 null
9942 3398 null
9942 3450 null
9942 1072 null
9942 5715 null
9942 3601 null
9942 2022 null
9942 1073 null
9942 3421 null
9942 4613 null
9942 -1 null
9942 423 null
9942 -1 null
9942 2415 7 0,971
-1 523 null
3624 1981 null
3624 668 null
3624 3610 null
3624 2919 null
3624 523 null
3624 1005 null
3624 420 null
3624 829 null
3624 132 null
3624 481 null
3624 397 null
3624 3566 null
3624 29 null
3624 3530 null
3624 189 null
3624 23 2 0,900
3624 715 null
3624 3350 null
3624 994 null
3624 2001 null
3624 1247 null
3624 3557 null
3624 282 3 0,533
3624 1010 null
3624 -1 null
3624 430 null
3624 2946 null
3624 3402 null
3624 160 null
3624 1275 null
3624 664 null
3624 2199 null
3624 575 null
3624 8820 null
3624 2047 null
3624 289 null
3624 571 null
3624 3605 null
3624 653 null
3624 988 null
3624 286 null
3624 616 null
3624 3253 null
3624 2123 null
3624 452 null
3624 517 null
3624 1845 null
3624 1035 2 0,700
3624 2687 null
3624 516 null
17674 20747 null
17674 3481 null
17674 2551 null
13554 37814 null
13554 1747 null
13554 85 2 0,900
13554 11484 null
-1 40935 null
25516 6603 null
25516 24307 null
25516 23505 null
25516 5057 null
38132 22073 null
38132 47528 null
38132 9602 null
38132 14435 null
38132 -1 null
38132 18460 null
3301 837 null
3301 7314 null
3301 831 4 1,000
3301 3320 5 1,000
3301 911 null
3301 1308 6 0,933
3301 498 null
3301 3755 5 0,800
3301 19793 2 0,800
3301 2125 null
3301 7249 null
3301 2164 null
3301 29 null
3301 1162 2 0,700
3301 3292 null
3301 2000 8 0,900
3301 244 2 0,900
3301 3671 null
3301 508 null
3301 1435 null
3301 1090 null
3301 994 2 1,000
3301 1056 2 1,000
3301 1029 null
3301 426 null
3301 14986 null
3301 1022 null
3301 19792 null
3301 1799 3 1,000
3301 6333 null
-1 -1 null
-1 49181 null
4624 4625 2 0,700
4624 -1 null
4624 400 2 0,700
4624 4628 3 1,000
11018 774 null
31983 19573 null
31983 8975 null
31983 7663 null
31983 5750 null
31983 22599 null
159 1823 7 0,800
159 821 3 0,933
159 208 14 0,814
159 1184 33 0,867
159 2651 null
159 1188 null
159 2646 null
159 2655 2 0,900
159 158 14 0,757
159 391 22 0,782
159 2656 null
159 2657 2 0,700
159 322 null
159 754 null
159 2650 2 0,600
159 2647 2 0,900
159 2649 null
159 1844 14 0,771
159 1935 7 0,771
159 1985 null
159 674 null
159 2635 6 0,933
159 2652 null
159 495 null
159 1471 null
159 1932 4 0,800
159 1920 11 0,873
159 1434 7 0,857
159 78 4 0,750
159 1667 2 1,000
159 2653 null
159 813 2 0,900
159 1893 10 0,780
159 2049 null
159 284 26 0,815
159 1108 null
159 2648 7 0,886
159 157 11 0,855
159 54 null
159 670 9 0,756
159 2654 8 0,825
159 239 5 0,960
159 1295 33 0,800
45789 29955 null
13544 6952 null
26137 44555 null
26137 -1 null
26137 -1 null
26137 26672 null
23054 19321 null
23054 10307 null
23054 5425 null
23054 10137 null
23054 43200 null
23054 43197 null
23054 775 null
23054 322 null
23054 11336 null
23054 11541 null
